Number of available GPUs: 1
[PhysicalDevice(name='/physical_device:GPU:0', device_type='GPU')]


using single GPU setup
Time: 27Oct2020_19_29_36


Opening:  model_weights_graphnet/v3_calo_AOD_2018_v5/model_particle_net_PartNet/test_score_PartNet_signal_matched_Jet_isGenMatchedCaloCorrLLPAccept.h5
             Jet_pt  Jet_energy   Jet_eta  ...  etarel_24  phirel_24   sigprob
0        226.199997  249.839600 -0.446642  ...       -9.0       -9.0  0.006088
1        159.937195  161.491440  0.032000  ...       -9.0       -9.0  0.029802
2        336.624969  386.725067 -0.533308  ...       -9.0       -9.0  0.002225
3        286.169434  452.407288  1.030223  ...       -9.0       -9.0  0.002291
4        223.177032  468.268616 -1.370512  ...       -9.0       -9.0  0.000431
...             ...         ...       ...  ...        ...        ...       ...
2315050  517.561462  553.274414 -0.329618  ...       -9.0       -9.0  1.000000
2315052  161.971375  336.586823  1.359456  ...       -9.0       -9.0  0.997281
2315068  199.574066  202.300827  0.124183  ...       -9.0       -9.0  0.998644
2315083  132.332230  136.596786  0.214467  ...       -9.0       -9.0  0.998551
2315095  480.347168  749.666138 -1.010922  ...       -9.0       -9.0  0.999986

[2315110 rows x 665 columns]
0          0.0
1          0.0
2          0.0
3          0.0
4          0.0
          ... 
2315050    1.0
2315052    1.0
2315068    1.0
2315083    1.0
2315095    1.0
Name: is_signal, Length: 2315110, dtype: float64
0          0.006088
1          0.029802
2          0.002225
3          0.002291
4          0.000431
             ...   
2315050    1.000000
2315052    0.997281
2315068    0.998644
2315083    0.998551
2315095    0.999986
Name: sigprob, Length: 2315110, dtype: float32
[5.67755836e-07 5.84770745e-07 8.25893072e-08 ... 3.20398605e-06
 3.38895039e-06 3.35911644e-06]
(2315110,)
Opening:  model_weights_graphnet/v3_calo_AOD_2018_v5/model_FCN_constituents_FCN_PF/test_score_FCN_PF_signal_matched_Jet_isGenMatchedCaloCorrLLPAccept.h5
             Jet_pt  Jet_energy   Jet_eta  ...  etarel_24  phirel_24   sigprob
0        226.199997  249.839600 -0.446642  ...       -9.0       -9.0  0.000708
1        159.937195  161.491440  0.032000  ...       -9.0       -9.0  0.032632
2        336.624969  386.725067 -0.533308  ...       -9.0       -9.0  0.000204
3        286.169434  452.407288  1.030223  ...       -9.0       -9.0  0.000062
4        223.177032  468.268616 -1.370512  ...       -9.0       -9.0  0.000079
...             ...         ...       ...  ...        ...        ...       ...
2315050  517.561462  553.274414 -0.329618  ...       -9.0       -9.0  1.000000
2315052  161.971375  336.586823  1.359456  ...       -9.0       -9.0  0.997779
2315068  199.574066  202.300827  0.124183  ...       -9.0       -9.0  0.998492
2315083  132.332230  136.596786  0.214467  ...       -9.0       -9.0  0.997521
2315095  480.347168  749.666138 -1.010922  ...       -9.0       -9.0  0.999997

[2315110 rows x 665 columns]
0          0.0
1          0.0
2          0.0
3          0.0
4          0.0
          ... 
2315050    1.0
2315052    1.0
2315068    1.0
2315083    1.0
2315095    1.0
Name: is_signal, Length: 2315110, dtype: float64
0          0.000708
1          0.032632
2          0.000204
3          0.000062
4          0.000079
             ...   
2315050    1.000000
2315052    0.997779
2315068    0.998492
2315083    0.997521
2315095    0.999997
Name: sigprob, Length: 2315110, dtype: float32
[5.67755836e-07 5.84770745e-07 8.25893072e-08 ... 3.20398605e-06
 3.38895039e-06 3.35911644e-06]
(2315110,)
Opening:  model_weights_graphnet/v3_calo_AOD_2018_v5/model_particle_net_jet_jet_PF/test_score_jet_jet_PF_signal_matched_Jet_isGenMatchedCaloCorrLLPAccept.h5
             Jet_pt  Jet_energy   Jet_eta  ...  etarel_24  phirel_24   sigprob
0        226.199997  249.839600 -0.446642  ...       -9.0       -9.0  0.002018
1        159.937195  161.491440  0.032000  ...       -9.0       -9.0  0.024540
2        336.624969  386.725067 -0.533308  ...       -9.0       -9.0  0.009027
3        286.169434  452.407288  1.030223  ...       -9.0       -9.0  0.001737
4        223.177032  468.268616 -1.370512  ...       -9.0       -9.0  0.000107
...             ...         ...       ...  ...        ...        ...       ...
2315050  517.561462  553.274414 -0.329618  ...       -9.0       -9.0  1.000000
2315052  161.971375  336.586823  1.359456  ...       -9.0       -9.0  0.996693
2315068  199.574066  202.300827  0.124183  ...       -9.0       -9.0  0.999452
2315083  132.332230  136.596786  0.214467  ...       -9.0       -9.0  0.999757
2315095  480.347168  749.666138 -1.010922  ...       -9.0       -9.0  1.000000

[2315110 rows x 665 columns]
0          0.0
1          0.0
2          0.0
3          0.0
4          0.0
          ... 
2315050    1.0
2315052    1.0
2315068    1.0
2315083    1.0
2315095    1.0
Name: is_signal, Length: 2315110, dtype: float64
0          0.002018
1          0.024540
2          0.009027
3          0.001737
4          0.000107
             ...   
2315050    1.000000
2315052    0.996693
2315068    0.999452
2315083    0.999757
2315095    1.000000
Name: sigprob, Length: 2315110, dtype: float32
[5.67755836e-07 5.84770745e-07 8.25893072e-08 ... 3.20398605e-06
 3.38895039e-06 3.35911644e-06]
(2315110,)
Opening:  model_weights_graphnet/v3_calo_AOD_2018_v5/model_FCN_constituents_FCN_PF_jet/test_score_FCN_PF_jet_signal_matched_Jet_isGenMatchedCaloCorrLLPAccept.h5
             Jet_pt  Jet_energy   Jet_eta  ...  etarel_24  phirel_24       sigprob
0        226.199997  249.839600 -0.446642  ...       -9.0       -9.0  9.053577e-04
1        159.937195  161.491440  0.032000  ...       -9.0       -9.0  6.091144e-02
2        336.624969  386.725067 -0.533308  ...       -9.0       -9.0  2.192159e-05
3        286.169434  452.407288  1.030223  ...       -9.0       -9.0  1.111144e-03
4        223.177032  468.268616 -1.370512  ...       -9.0       -9.0  2.085137e-08
...             ...         ...       ...  ...        ...        ...           ...
2315050  517.561462  553.274414 -0.329618  ...       -9.0       -9.0  1.000000e+00
2315052  161.971375  336.586823  1.359456  ...       -9.0       -9.0  9.996474e-01
2315068  199.574066  202.300827  0.124183  ...       -9.0       -9.0  9.999996e-01
2315083  132.332230  136.596786  0.214467  ...       -9.0       -9.0  9.999998e-01
2315095  480.347168  749.666138 -1.010922  ...       -9.0       -9.0  1.000000e+00

[2315110 rows x 665 columns]
0          0.0
1          0.0
2          0.0
3          0.0
4          0.0
          ... 
2315050    1.0
2315052    1.0
2315068    1.0
2315083    1.0
2315095    1.0
Name: is_signal, Length: 2315110, dtype: float64
0          9.053577e-04
1          6.091144e-02
2          2.192159e-05
3          1.111144e-03
4          2.085137e-08
               ...     
2315050    1.000000e+00
2315052    9.996474e-01
2315068    9.999996e-01
2315083    9.999998e-01
2315095    1.000000e+00
Name: sigprob, Length: 2315110, dtype: float32
[5.67755836e-07 5.84770745e-07 8.25893072e-08 ... 3.20398605e-06
 3.38895039e-06 3.35911644e-06]
(2315110,)
    Plots printed in model_weights_graphnet/v3_calo_AOD_2018_v5/




Example: take the first entry
dict_keys([0, 1, 2, 3])
[0.         0.00229643 0.00548438 ... 1.         1.         1.        ]
[0.00000000e+00 2.23534550e-08 2.23534550e-08 ... 9.99999997e-01
 9.99999997e-01 1.00000000e+00]
[2.0000000e+00 1.0000000e+00 9.9999988e-01 ... 2.5519951e-13 2.0483730e-13
 2.8151392e-14]
closest?
12878 0.0004035328275464144 0.0004035328275464144 0.6637851331157089 0.99769235 0.00040904540701505433 0.22
